25,17
28,23
54,28
91,61
51,38
39,24
29,17
76,55
58,20
70,33
38,34
73,29
31,28
27,18
47,26
14,14
42,37
116,50
71,54
29,19
33,30
62,43
49,29
24,18
47,41
60,19
28,17
119,79
26,10
49,27
52,33
23,17
46,25
65,51
84,46
54,42
43,23
47,29
84,57
65,40
64,44
62,42
56,28
82,65
33,9
51,33
109,104
28,7
21,15
110,41
16,11
21,21
43,28
122,104
16,12
47,42
18,9
22,10
27,12
58,21
32,29
79,56
61,50
62,31
75,30
38,28
37,27
30,27
29,23
70,61
25,17
23,19
73,44
68,35
43,37
87,70
81,36
42,23
65,30
50,22
99,69
48,21
95,57
55,40
24,16
103,52
68,35
39,25
54,37
61,35
57,32
18,9
23,11
85,69
123,91
36,19
62,41
53,43
28,18
50,43
