0.51888
0.71355
0.46601
0.73531
0.72703
0.71291
0.55585
0.7092
0.43129
0.4671
0.72653
0.37772
0.89618
0.70084
0.6617
0.95893
0.90162
0.47503
0.78706
0.69294
0.93339
0.71434
0.62631
0.64892
0.7548
0.28018
0.59914
0.6564
0.53649
0.63665
0.51106
0.72292
0.59242
0.74912
0.53102
0.71874
0.45607
0.65494
0.71385
0.71992
0.7173
0.61614
0.573
0.62892
0.36891
0.63218
0.89926
0.3082
0.744
0.41592
0.58373
0.79448
0.68508
0.86179
0.72182
0.77439
0.57511
0.35583
0.57514
0.34168
0.86468
0.76289
0.80945
0.61803
0.36508
0.61547
0.78656
0.8418
0.81896
0.80152
0.70322
0.75747
0.584
0.5218
0.89639
0.74815
0.47009
0.53907
0.51465
0.5338
0.70297
0.44061
0.58063
0.70509
0.62636
0.48675
0.50939
0.56098
0.82297
0.51187
0.53105
0.64827
0.5885
0.77814
0.77517
0.59903
0.58926
0.7352
0.57518
0.90069
